        1000
  0.000000000000000E+000  0.000000000000000E+000  0.000000000000000E+000
  1.528581159262892E-010  8.597897200397110E-007  0.000000000000000E+000
  1.222864927410314E-009  2.431791806608408E-006  0.000000000000000E+000
  4.127169130009809E-009  4.467342270464832E-006  0.000000000000000E+000
  9.782919419282510E-009  6.877659834397220E-006  0.000000000000000E+000
  1.910726449078615E-008  9.611404071145143E-006  0.000000000000000E+000
  3.301735304007847E-008  1.263391155541327E-005  0.000000000000000E+000
  5.243033376271719E-008  1.591971624248893E-005  0.000000000000000E+000
  7.826335535426008E-008  1.944907103809911E-005  0.000000000000000E+000
  1.114335665102648E-007  2.320607485418157E-005  0.000000000000000E+000
  1.528581159262892E-007  2.717756105982535E-005  0.000000000000000E+000
  2.034541522978909E-007  3.135238998170393E-005  0.000000000000000E+000
  2.641388243206278E-007  3.572097407104648E-005  0.000000000000000E+000
  3.358292806900574E-007  4.027494567357216E-005  0.000000000000000E+000
  4.194426701017376E-007  4.500691662488955E-005  0.000000000000000E+000
  5.158961412512261E-007  4.991029939480839E-005  0.000000000000000E+000
  6.261068428340806E-007  5.497917088315140E-005  0.000000000000000E+000
  7.509919235458592E-007  6.020816661376742E-005  0.000000000000000E+000
  8.914685320821187E-007  6.559239712077956E-005  0.000000000000000E+000
  1.048453817138418E-006  7.112738087703224E-005  0.000000000000000E+000
  1.222864927410314E-006  7.680898977967840E-005  0.000000000000000E+000
  1.415619011593365E-006  8.263340432217007E-005  0.000000000000000E+000
  1.627633218383127E-006  8.859707634563597E-005  0.000000000000000E+000
  1.859824696475161E-006  9.469669779721063E-005  0.000000000000000E+000
  2.113110594565022E-006  1.009291743041745E-004  0.000000000000000E+000
  2.388408061348269E-006  1.072916026493658E-004  0.000000000000000E+000
  2.686634245520459E-006  1.137812514370658E-004  0.000000000000000E+000
  3.008706295777151E-006  1.203955443907328E-004  0.000000000000000E+000
  3.355541360813900E-006  1.271320458390591E-004  0.000000000000000E+000
  3.728056589326268E-006  1.339884480349070E-004  0.000000000000000E+000
  4.127169130009809E-006  1.409625600197999E-004  0.000000000000000E+000
  4.553796131560083E-006  1.480522977998553E-004  0.000000000000000E+000
  5.008854742672645E-006  1.552556756409845E-004  0.000000000000000E+000
  5.493262112043055E-006  1.625707983245267E-004  0.000000000000000E+000
  6.007935388366873E-006  1.699958542311904E-004  0.000000000000000E+000
  6.553791720339650E-006  1.775291091427435E-004  0.000000000000000E+000
  7.131748256656950E-006  1.851689006684039E-004  0.000000000000000E+000
  7.742722146014328E-006  1.929136332172214E-004  0.000000000000000E+000
  8.387630537107344E-006  2.007617734495304E-004  0.000000000000000E+000
  9.067390578631550E-006  2.087118461503141E-004  0.000000000000000E+000
  9.782919419282509E-006  2.167624304754408E-004  0.000000000000000E+000
  1.053513420775578E-005  2.249121565285266E-004  0.000000000000000E+000
  1.132495209274692E-005  2.331597022318829E-004  0.000000000000000E+000
  1.215329022295148E-005  2.415037904598272E-004  0.000000000000000E+000
  1.302106574706502E-005  2.499431864067188E-004  0.000000000000000E+000
  1.392919581378310E-005  2.584766951655593E-004  0.000000000000000E+000
  1.487859757180129E-005  2.671031594959680E-004  0.000000000000000E+000
  1.587018816981513E-005  2.758214577628915E-004  0.000000000000000E+000
  1.690488475652018E-005  2.846305020296046E-004  0.000000000000000E+000
  1.798360448061200E-005  2.935292362904483E-004  0.000000000000000E+000
  1.910726449078615E-005  3.025166348304007E-004  0.000000000000000E+000
  2.027678193573819E-005  3.115917006999991E-004  0.000000000000000E+000
  2.149307396416367E-005  3.207534642953781E-004  0.000000000000000E+000
  2.275705772475816E-005  3.300009820342792E-004  0.000000000000000E+000
  2.406965036621721E-005  3.393333351198362E-004  0.000000000000000E+000
  2.543176903723637E-005  3.487496283847853E-004  0.000000000000000E+000
  2.684433088651120E-005  3.582489892094833E-004  0.000000000000000E+000
  2.830825306273728E-005  3.678305665077748E-004  0.000000000000000E+000
  2.982445271461014E-005  3.774935297753199E-004  0.000000000000000E+000
  3.139384699082535E-005  3.872370681955178E-004  0.000000000000000E+000
  3.301735304007847E-005  3.970603897986051E-004  0.000000000000000E+000
  3.469588801106505E-005  4.069627206699275E-004  0.000000000000000E+000
  3.643036905248066E-005  4.169433042037324E-004  0.000000000000000E+000
  3.822171331302082E-005  4.270014003991700E-004  0.000000000000000E+000
  4.007083794138116E-005  4.371362851954669E-004  0.000000000000000E+000
  4.197866008625718E-005  4.473472498435083E-004  0.000000000000000E+000
  4.394609689634444E-005  4.576336003112953E-004  0.000000000000000E+000
  4.597406552033853E-005  4.679946567209574E-004  0.000000000000000E+000
  4.806348310693499E-005  4.784297528151882E-004  0.000000000000000E+000
  5.021526680482933E-005  4.889382354511516E-004  0.000000000000000E+000
  5.243033376271720E-005  4.995194641200559E-004  0.000000000000000E+000
  5.470960112929409E-005  5.101728104907392E-004  0.000000000000000E+000
  5.705398605325560E-005  5.208976579757364E-004  0.000000000000000E+000
  5.946440568329726E-005  5.316934013184159E-004  0.000000000000000E+000
  6.194177716811462E-005  5.425594461998827E-004  0.000000000000000E+000
  6.448701765640326E-005  5.534952088644381E-004  0.000000000000000E+000
  6.710104429685875E-005  5.645001157624784E-004  0.000000000000000E+000
  6.978477423817659E-005  5.755736032097946E-004  0.000000000000000E+000
  7.253912462905240E-005  5.867151170623114E-004  0.000000000000000E+000
  7.536501261818169E-005  5.979241124053672E-004  0.000000000000000E+000
  7.826335535426008E-005  6.092000532567079E-004  0.000000000000000E+000
  8.123506998598308E-005  6.205424122824126E-004  0.000000000000000E+000
  8.428107366204622E-005  6.319506705250358E-004  0.000000000000000E+000
  8.740228353114512E-005  6.434243171432889E-004  0.000000000000000E+000
  9.059961674197534E-005  6.549628491626311E-004  0.000000000000000E+000
  9.387399044323235E-005  6.665657712361847E-004  0.000000000000000E+000
  9.722632178361182E-005  6.782325954154255E-004  0.000000000000000E+000
  1.006575279118092E-004  6.899628409301308E-004  0.000000000000000E+000
  1.041685259765201E-004  7.017560339771088E-004  0.000000000000000E+000
  1.077602331264402E-004  7.136117075172509E-004  0.000000000000000E+000
  1.114335665102648E-004  7.255294010804919E-004  0.000000000000000E+000
  1.151894432766897E-004  7.375086605782740E-004  0.000000000000000E+000
  1.190287805744103E-004  7.495490381231437E-004  0.000000000000000E+000
  1.229524955521222E-004  7.616500918551311E-004  0.000000000000000E+000
  1.269615053585210E-004  7.738113857745818E-004  0.000000000000000E+000
  1.310567271423022E-004  7.860324895811282E-004  0.000000000000000E+000
  1.352390780521614E-004  7.983129785185114E-004  0.000000000000000E+000
  1.395094752367942E-004  8.106524332249723E-004  0.000000000000000E+000
  1.438688358448960E-004  8.230504395889583E-004  0.000000000000000E+000
  1.483180770251625E-004  8.355065886098955E-004  0.000000000000000E+000
  1.528581159262892E-004  8.480204762637946E-004  0.000000000000000E+000
  1.574898696969717E-004  8.605917033734741E-004  0.000000000000000E+000
  1.622142554859055E-004  8.732198754831924E-004  0.000000000000000E+000
  1.670321904417862E-004  8.859046027374911E-004  0.000000000000000E+000
  1.719445917133094E-004  8.986454997640657E-004  0.000000000000000E+000
  1.769523764491706E-004  9.114421855604910E-004  0.000000000000000E+000
  1.820564617980652E-004  9.242942833846266E-004  0.000000000000000E+000
  1.872577649086891E-004  9.372014206485565E-004  0.000000000000000E+000
  1.925572029297377E-004  9.501632288159007E-004  0.000000000000000E+000
  1.979556930099064E-004  9.631793433023670E-004  0.000000000000000E+000
  2.034541522978910E-004  9.762494033794019E-004  0.000000000000000E+000
  2.090534979423868E-004  9.893730520808171E-004  0.000000000000000E+000
  2.147546470920896E-004  1.002549936112266E-003  0.000000000000000E+000
  2.205585168956949E-004  1.015779705763454E-003  0.000000000000000E+000
  2.264660245018982E-004  1.029062014822985E-003  0.000000000000000E+000
  2.324780870593951E-004  1.042396520495712E-003  0.000000000000000E+000
  2.385956217168811E-004  1.055782883322529E-003  0.000000000000000E+000
  2.448195456230519E-004  1.069220767102473E-003  0.000000000000000E+000
  2.511507759266028E-004  1.082709838817076E-003  0.000000000000000E+000
  2.575902297762295E-004  1.096249768556854E-003  0.000000000000000E+000
  2.641388243206278E-004  1.109840229449877E-003  0.000000000000000E+000
  2.707974767084929E-004  1.123480897592321E-003  0.000000000000000E+000
  2.775671040885204E-004  1.137171451980932E-003  0.000000000000000E+000
  2.844486236094061E-004  1.150911574447345E-003  0.000000000000000E+000
  2.914429524198453E-004  1.164700949594161E-003  0.000000000000000E+000
  2.985510076685336E-004  1.178539264732753E-003  0.000000000000000E+000
  3.057737065041666E-004  1.192426209822702E-003  0.000000000000000E+000
  3.131119660754400E-004  1.206361477412833E-003  0.000000000000000E+000
  3.205667035310493E-004  1.220344762583773E-003  0.000000000000000E+000
  3.281388360196898E-004  1.234375762891994E-003  0.000000000000000E+000
  3.358292806900575E-004  1.248454178315272E-003  0.000000000000000E+000
  3.436389546908473E-004  1.262579711199523E-003  0.000000000000000E+000
  3.515687751707555E-004  1.276752066206968E-003  0.000000000000000E+000
  3.596196592784772E-004  1.290970950265572E-003  0.000000000000000E+000
  3.677925241627082E-004  1.305236072519728E-003  0.000000000000000E+000
  3.760882869721439E-004  1.319547144282122E-003  0.000000000000000E+000
  3.845078648554799E-004  1.333903878986766E-003  0.000000000000000E+000
  3.930521749614115E-004  1.348305992143136E-003  0.000000000000000E+000
  4.017221344386347E-004  1.362753201291391E-003  0.000000000000000E+000
  4.105186604358449E-004  1.377245225958632E-003  0.000000000000000E+000
  4.194426701017376E-004  1.391781787616170E-003  0.000000000000000E+000
  4.284950805850085E-004  1.406362609637771E-003  0.000000000000000E+000
  4.376768090343527E-004  1.420987417258836E-003  0.000000000000000E+000
  4.469887725984664E-004  1.435655937536502E-003  0.000000000000000E+000
  4.564318884260448E-004  1.450367899310620E-003  0.000000000000000E+000
  4.660070736657835E-004  1.465123033165591E-003  0.000000000000000E+000
  4.757152454663781E-004  1.479921071393029E-003  0.000000000000000E+000
  4.855573209765239E-004  1.494761747955223E-003  0.000000000000000E+000
  4.955342173449170E-004  1.509644798449386E-003  0.000000000000000E+000
  5.056468517202525E-004  1.524569960072638E-003  0.000000000000000E+000
  5.158961412512261E-004  1.539536971587740E-003  0.000000000000000E+000
  5.262830030865334E-004  1.554545573289517E-003  0.000000000000000E+000
  5.368083543748700E-004  1.569595506971978E-003  0.000000000000000E+000
  5.474731122649310E-004  1.584686515896096E-003  0.000000000000000E+000
  5.582781939054127E-004  1.599818344758231E-003  0.000000000000000E+000
  5.692245164450102E-004  1.614990739659184E-003  0.000000000000000E+000
  5.803129970324192E-004  1.630203448073852E-003  0.000000000000000E+000
  5.915445528163353E-004  1.645456218821478E-003  0.000000000000000E+000
  6.029201009454536E-004  1.660748802036463E-003  0.000000000000000E+000
  6.144405585684702E-004  1.676080949139744E-003  0.000000000000000E+000
  6.261068428340806E-004  1.691452412810707E-003  0.000000000000000E+000
  6.379198708909802E-004  1.706862946959616E-003  0.000000000000000E+000
  6.498805598878646E-004  1.722312306700558E-003  0.000000000000000E+000
  6.619898269734291E-004  1.737800248324884E-003  0.000000000000000E+000
  6.742485892963697E-004  1.753326529275122E-003  0.000000000000000E+000
  6.866577640053818E-004  1.768890908119360E-003  0.000000000000000E+000
  6.992182682491610E-004  1.784493144526083E-003  0.000000000000000E+000
  7.119310191764028E-004  1.800132999239447E-003  0.000000000000000E+000
  7.247969339358027E-004  1.815810234054988E-003  0.000000000000000E+000
  7.378169296760559E-004  1.831524611795739E-003  0.000000000000000E+000
  7.509919235458588E-004  1.847275896288759E-003  0.000000000000000E+000
  7.643228326939066E-004  1.863063852342051E-003  0.000000000000000E+000
  7.778105742688946E-004  1.878888245721868E-003  0.000000000000000E+000
  7.914560654195185E-004  1.894748843130388E-003  0.000000000000000E+000
  8.052602232944736E-004  1.910645412183754E-003  0.000000000000000E+000
  8.192239650424561E-004  1.926577721390471E-003  0.000000000000000E+000
  8.333482078121612E-004  1.942545540130135E-003  0.000000000000000E+000
  8.476338687522844E-004  1.958548638632512E-003  0.000000000000000E+000
  8.620818650115215E-004  1.974586787956936E-003  0.000000000000000E+000
  8.766931137385674E-004  1.990659759972020E-003  0.000000000000000E+000
  8.914685320821186E-004  2.006767327335688E-003  0.000000000000000E+000
  9.064090371908701E-004  2.022909263475498E-003  0.000000000000000E+000
  9.215155462135176E-004  2.039085342569261E-003  0.000000000000000E+000
  9.367889762987565E-004  2.055295339525954E-003  0.000000000000000E+000
  9.522302445952825E-004  2.071539029966901E-003  0.000000000000000E+000
  9.678402682517907E-004  2.087816190207232E-003  0.000000000000000E+000
  9.836199644169775E-004  2.104126597237608E-003  0.000000000000000E+000
  9.995702502395383E-004  2.120470028706201E-003  0.000000000000000E+000
  1.015692042868168E-003  2.136846262900930E-003  0.000000000000000E+000
  1.031986259451563E-003  2.153255078731937E-003  0.000000000000000E+000
  1.048453817138417E-003  2.169696255714312E-003  0.000000000000000E+000
  1.065095633077429E-003  2.186169573951042E-003  0.000000000000000E+000
  1.081912624417291E-003  2.202674814116200E-003  0.000000000000000E+000
  1.098905708306701E-003  2.219211757438341E-003  0.000000000000000E+000
  1.116075801894353E-003  2.235780185684132E-003  0.000000000000000E+000
  1.133423822328943E-003  2.252379881142188E-003  0.000000000000000E+000
  1.150950686759168E-003  2.269010626607107E-003  0.000000000000000E+000
  1.168657312333721E-003  2.285672205363725E-003  0.000000000000000E+000
  1.186544616201300E-003  2.302364401171551E-003  0.000000000000000E+000
  1.204613515510599E-003  2.319086998249407E-003  0.000000000000000E+000
  1.222864927410314E-003  2.335839781260251E-003  0.000000000000000E+000
  1.241299769049140E-003  2.352622535296191E-003  0.000000000000000E+000
  1.259918957575774E-003  2.369435045863663E-003  0.000000000000000E+000
  1.278723410138910E-003  2.386277098868812E-003  0.000000000000000E+000
  1.297714043887244E-003  2.403148480603014E-003  0.000000000000000E+000
  1.316891775969473E-003  2.420048977728594E-003  0.000000000000000E+000
  1.336257523534290E-003  2.436978377264688E-003  0.000000000000000E+000
  1.355812203730392E-003  2.453936466573276E-003  0.000000000000000E+000
  1.375556733706475E-003  2.470923033345375E-003  0.000000000000000E+000
  1.395492030611234E-003  2.487937865587374E-003  0.000000000000000E+000
  1.415619011593365E-003  2.504980751607529E-003  0.000000000000000E+000
  1.435938593801562E-003  2.522051480002606E-003  0.000000000000000E+000
  1.456451694384522E-003  2.539149839644661E-003  0.000000000000000E+000
  1.477159230490941E-003  2.556275619667969E-003  0.000000000000000E+000
  1.498062119269513E-003  2.573428609456082E-003  0.000000000000000E+000
  1.519161277868934E-003  2.590608598629031E-003  0.000000000000000E+000
  1.540457623437901E-003  2.607815377030658E-003  0.000000000000000E+000
  1.561952073125108E-003  2.625048734716070E-003  0.000000000000000E+000
  1.583645544079251E-003  2.642308461939234E-003  0.000000000000000E+000
  1.605538953449026E-003  2.659594349140682E-003  0.000000000000000E+000
  1.627633218383128E-003  2.676906186935348E-003  0.000000000000000E+000
  1.649929256030252E-003  2.694243766100521E-003  0.000000000000000E+000
  1.672427983539095E-003  2.711606877563911E-003  0.000000000000000E+000
  1.695130318058351E-003  2.728995312391839E-003  0.000000000000000E+000
  1.718037176736717E-003  2.746408861777532E-003  0.000000000000000E+000
  1.741149476722888E-003  2.763847317029525E-003  0.000000000000000E+000
  1.764468135165559E-003  2.781310469560186E-003  0.000000000000000E+000
  1.787994069213427E-003  2.798798110874328E-003  0.000000000000000E+000
  1.811728196015186E-003  2.816310032557943E-003  0.000000000000000E+000
  1.835671432719532E-003  2.833846026267023E-003  0.000000000000000E+000
  1.859824696475161E-003  2.851405883716490E-003  0.000000000000000E+000
  1.884188904430768E-003  2.868989396669224E-003  0.000000000000000E+000
  1.908764973735049E-003  2.886596356925185E-003  0.000000000000000E+000
  1.933553821536699E-003  2.904226556310630E-003  0.000000000000000E+000
  1.958556364984415E-003  2.921879786667421E-003  0.000000000000000E+000
  1.983773521226891E-003  2.939555839842432E-003  0.000000000000000E+000
  2.009206207412823E-003  2.957254507677040E-003  0.000000000000000E+000
  2.034855340690906E-003  2.974975581996704E-003  0.000000000000000E+000
  2.060721838209836E-003  2.992718854600629E-003  0.000000000000000E+000
  2.086806617118310E-003  3.010484117251527E-003  0.000000000000000E+000
  2.113110594565022E-003  3.028271161665445E-003  0.000000000000000E+000
  2.139634687698668E-003  3.046079779501687E-003  0.000000000000000E+000
  2.166379813667943E-003  3.063909762352815E-003  0.000000000000000E+000
  2.193346889621543E-003  3.081760901734725E-003  0.000000000000000E+000
  2.220536832708163E-003  3.099632989076811E-003  0.000000000000000E+000
  2.247950560076500E-003  3.117525815712193E-003  0.000000000000000E+000
  2.275588988875248E-003  3.135439172868037E-003  0.000000000000000E+000
  2.303453036253104E-003  3.153372851655932E-003  0.000000000000000E+000
  2.331543619358762E-003  3.171326643062357E-003  0.000000000000000E+000
  2.359861655340918E-003  3.189300337939211E-003  0.000000000000000E+000
  2.388408061348269E-003  3.207293726994420E-003  0.000000000000000E+000
  2.417183754529509E-003  3.225306600782607E-003  0.000000000000000E+000
  2.446189652033333E-003  3.243338749695839E-003  0.000000000000000E+000
  2.475426671008440E-003  3.261389963954443E-003  0.000000000000000E+000
  2.504895728603520E-003  3.279460033597875E-003  0.000000000000000E+000
  2.534597741967274E-003  3.297548748475688E-003  0.000000000000000E+000
  2.564533628248394E-003  3.315655898238516E-003  0.000000000000000E+000
  2.594704304595577E-003  3.333781272329179E-003  0.000000000000000E+000
  2.625110688157519E-003  3.351924659973807E-003  0.000000000000000E+000
  2.655753696082914E-003  3.370085850173051E-003  0.000000000000000E+000
  2.686634245520460E-003  3.388264631693349E-003  0.000000000000000E+000
  2.717753253618849E-003  3.406460793058254E-003  0.000000000000000E+000
  2.749111637526779E-003  3.424674122539823E-003  0.000000000000000E+000
  2.780710314392946E-003  3.442904408150071E-003  0.000000000000000E+000
  2.812550201366044E-003  3.461151437632471E-003  0.000000000000000E+000
  2.844632215594771E-003  3.479414998453532E-003  0.000000000000000E+000
  2.876957274227818E-003  3.497694877794414E-003  0.000000000000000E+000
  2.909526294413886E-003  3.515990862542620E-003  0.000000000000000E+000
  2.942340193301666E-003  3.534302739283731E-003  0.000000000000000E+000
  2.975399888039855E-003  3.552630294293205E-003  0.000000000000000E+000
  3.008706295777151E-003  3.570973313528226E-003  0.000000000000000E+000
  3.042260333662246E-003  3.589331582619608E-003  0.000000000000000E+000
  3.076062918843839E-003  3.607704886863768E-003  0.000000000000000E+000
  3.110114968470622E-003  3.626093011214722E-003  0.000000000000000E+000
  3.144417399691292E-003  3.644495740276174E-003  0.000000000000000E+000
  3.178971129654546E-003  3.662912858293626E-003  0.000000000000000E+000
  3.213777075509077E-003  3.681344149146551E-003  0.000000000000000E+000
  3.248836154403585E-003  3.699789396340626E-003  0.000000000000000E+000
  3.284149283486759E-003  3.718248383000004E-003  0.000000000000000E+000
  3.319717379907299E-003  3.736720891859650E-003  0.000000000000000E+000
  3.355541360813901E-003  3.755206705257712E-003  0.000000000000000E+000
  3.391622143355258E-003  3.773705605127955E-003  0.000000000000000E+000
  3.427960644680068E-003  3.792217372992248E-003  0.000000000000000E+000
  3.464557781937023E-003  3.810741789953083E-003  0.000000000000000E+000
  3.501414472274822E-003  3.829278636686158E-003  0.000000000000000E+000
  3.538531632842160E-003  3.847827693433013E-003  0.000000000000000E+000
  3.575910180787731E-003  3.866388739993695E-003  0.000000000000000E+000
  3.613551033260233E-003  3.884961555719492E-003  0.000000000000000E+000
  3.651455107408358E-003  3.903545919505701E-003  0.000000000000000E+000
  3.689623320380804E-003  3.922141609784453E-003  0.000000000000000E+000
  3.728056589326268E-003  3.940748404517584E-003  0.000000000000000E+000
  3.766755831393442E-003  3.959366081189540E-003  0.000000000000000E+000
  3.805721963731025E-003  3.977994416800357E-003  0.000000000000000E+000
  3.844955903487709E-003  3.996633187858653E-003  0.000000000000000E+000
  3.884458567812191E-003  4.015282170374699E-003  0.000000000000000E+000
  3.924230873853169E-003  4.033941139853519E-003  0.000000000000000E+000
  3.964273738759336E-003  4.052609871288026E-003  0.000000000000000E+000
  4.004588079679388E-003  4.071288139152239E-003  0.000000000000000E+000
  4.045174813762020E-003  4.089975717394508E-003  0.000000000000000E+000
  4.086034858155930E-003  4.108672379430808E-003  0.000000000000000E+000
  4.127169130009808E-003  4.127377898138065E-003  0.000000000000000E+000
  4.168578546472355E-003  4.146092045847543E-003  0.000000000000000E+000
  4.210264024692267E-003  4.164814594338261E-003  0.000000000000000E+000
  4.252226481818236E-003  4.183545314830458E-003  0.000000000000000E+000
  4.294466834998960E-003  4.202283977979115E-003  0.000000000000000E+000
  4.336986001383132E-003  4.221030353867508E-003  0.000000000000000E+000
  4.379784898119448E-003  4.239784212000807E-003  0.000000000000000E+000
  4.422864442356608E-003  4.258545321299740E-003  0.000000000000000E+000
  4.466225551243302E-003  4.277313450094259E-003  0.000000000000000E+000
  4.509869141928229E-003  4.296088366117303E-003  0.000000000000000E+000
  4.553796131560082E-003  4.314869836498564E-003  0.000000000000000E+000
  4.598007437287557E-003  4.333657627758320E-003  0.000000000000000E+000
  4.642503976259354E-003  4.352451505801307E-003  0.000000000000000E+000
  4.687286665624162E-003  4.371251235910623E-003  0.000000000000000E+000
  4.732356422530682E-003  4.390056582741703E-003  0.000000000000000E+000
  4.777714164127604E-003  4.408867310316309E-003  0.000000000000000E+000
  4.823360807563628E-003  4.427683182016596E-003  0.000000000000000E+000
  4.869297269987451E-003  4.446503960579182E-003  0.000000000000000E+000
  4.915524468547761E-003  4.465329408089306E-003  0.000000000000000E+000
  4.962043320393262E-003  4.484159285974997E-003  0.000000000000000E+000
  5.008854742672645E-003  4.502993355001303E-003  0.000000000000000E+000
  5.055959652534606E-003  4.521831375264568E-003  0.000000000000000E+000
  5.103358967127842E-003  4.540673106186737E-003  0.000000000000000E+000
  5.151053603601046E-003  4.559518306509724E-003  0.000000000000000E+000
  5.199044479102917E-003  4.578366734289813E-003  0.000000000000000E+000
  5.247332510782146E-003  4.597218146892102E-003  0.000000000000000E+000
  5.295918615787432E-003  4.616072300985008E-003  0.000000000000000E+000
  5.344803711267473E-003  4.634928952534796E-003  0.000000000000000E+000
  5.393988714370958E-003  4.653787856800162E-003  0.000000000000000E+000
  5.443474542246588E-003  4.672648768326875E-003  0.000000000000000E+000
  5.493262112043054E-003  4.691511440942426E-003  0.000000000000000E+000
  5.543352340909058E-003  4.710375627750770E-003  0.000000000000000E+000
  5.593746145993288E-003  4.729241081127075E-003  0.000000000000000E+000
  5.644444444444444E-003  4.748107552712539E-003  0.000000000000000E+000
  5.695448153411223E-003  4.766974793409236E-003  0.000000000000000E+000
  5.746758190042315E-003  4.785842553375023E-003  0.000000000000000E+000
  5.798375471486422E-003  4.804710582018484E-003  0.000000000000000E+000
  5.850300914892233E-003  4.823578627993918E-003  0.000000000000000E+000
  5.902535437408448E-003  4.842446439196377E-003  0.000000000000000E+000
  5.955079956183764E-003  4.861313762756756E-003  0.000000000000000E+000
  6.007935388366871E-003  4.880180345036905E-003  0.000000000000000E+000
  6.061102651106470E-003  4.899045931624827E-003  0.000000000000000E+000
  6.114582661551252E-003  4.917910267329883E-003  0.000000000000000E+000
  6.168376336849915E-003  4.936773096178066E-003  0.000000000000000E+000
  6.222484594151157E-003  4.955634161407319E-003  0.000000000000000E+000
  6.276908350603668E-003  4.974493205462891E-003  0.000000000000000E+000
  6.331648523356148E-003  4.993349969992756E-003  0.000000000000000E+000
  6.386706029557289E-003  5.012204195843051E-003  0.000000000000000E+000
  6.442081786355789E-003  5.031055623053607E-003  0.000000000000000E+000
  6.497776710900347E-003  5.049903990853478E-003  0.000000000000000E+000
  6.553791720339649E-003  5.068749037656545E-003  0.000000000000000E+000
  6.610127731822401E-003  5.087590501057173E-003  0.000000000000000E+000
  6.666785662497289E-003  5.106428117825892E-003  0.000000000000000E+000
  6.723766429513016E-003  5.125261623905153E-003  0.000000000000000E+000
  6.781070950018275E-003  5.144090754405112E-003  0.000000000000000E+000
  6.838700141161761E-003  5.162915243599476E-003  0.000000000000000E+000
  6.896654920092172E-003  5.181734824921388E-003  0.000000000000000E+000
  6.954936203958199E-003  5.200549230959370E-003  0.000000000000000E+000
  7.013544909908539E-003  5.219358193453309E-003  0.000000000000000E+000
  7.072481955091894E-003  5.238161443290497E-003  0.000000000000000E+000
  7.131748256656949E-003  5.256958710501709E-003  0.000000000000000E+000
  7.191344731752409E-003  5.275749724257360E-003  0.000000000000000E+000
  7.251272297526961E-003  5.294534212863672E-003  0.000000000000000E+000
  7.311531871129308E-003  5.313311903758921E-003  0.000000000000000E+000
  7.372124369708141E-003  5.332082523509731E-003  0.000000000000000E+000
  7.433050710412155E-003  5.350845797807403E-003  0.000000000000000E+000
  7.494311810390052E-003  5.369601451464311E-003  0.000000000000000E+000
  7.555908586790519E-003  5.388349208410345E-003  0.000000000000000E+000
  7.617841956762260E-003  5.407088791689403E-003  0.000000000000000E+000
  7.680112837453963E-003  5.425819923455933E-003  0.000000000000000E+000
  7.742722146014325E-003  5.444542324971537E-003  0.000000000000000E+000
  7.805670799592049E-003  5.463255716601616E-003  0.000000000000000E+000
  7.868959715335820E-003  5.481959817812072E-003  0.000000000000000E+000
  7.932589810394344E-003  5.500654347166070E-003  0.000000000000000E+000
  7.996562001916306E-003  5.519339022320828E-003  0.000000000000000E+000
  8.060877207050406E-003  5.538013560024505E-003  0.000000000000000E+000
  8.125536342945345E-003  5.556677676113092E-003  0.000000000000000E+000
  8.190540326749809E-003  5.575331085507392E-003  0.000000000000000E+000
  8.255890075612502E-003  5.593973502210040E-003  0.000000000000000E+000
  8.321586506682114E-003  5.612604639302580E-003  0.000000000000000E+000
  8.387630537107340E-003  5.631224208942599E-003  0.000000000000000E+000
  8.454023084036883E-003  5.649831922360910E-003  0.000000000000000E+000
  8.520765064619429E-003  5.668427489858793E-003  0.000000000000000E+000
  8.587857396003682E-003  5.687010620805298E-003  0.000000000000000E+000
  8.655300995338330E-003  5.705581023634583E-003  0.000000000000000E+000
  8.723096779772071E-003  5.724138405843341E-003  0.000000000000000E+000
  8.791245666453607E-003  5.742682473988256E-003  0.000000000000000E+000
  8.859748572531625E-003  5.761212933683517E-003  0.000000000000000E+000
  8.928606415154828E-003  5.779729489598404E-003  0.000000000000000E+000
  8.997820111471901E-003  5.798231845454924E-003  0.000000000000000E+000
  9.067390578631547E-003  5.816719704025493E-003  0.000000000000000E+000
  9.137318733782466E-003  5.835192767130703E-003  0.000000000000000E+000
  9.207605494073342E-003  5.853650735637105E-003  0.000000000000000E+000
  9.278251776652882E-003  5.872093309455096E-003  0.000000000000000E+000
  9.349258498669771E-003  5.890520187536834E-003  0.000000000000000E+000
  9.420626577272715E-003  5.908931067874214E-003  0.000000000000000E+000
  9.492356929610399E-003  5.927325647496920E-003  0.000000000000000E+000
  9.564450472831524E-003  5.945703622470527E-003  0.000000000000000E+000
  9.636908124084792E-003  5.964064687894646E-003  0.000000000000000E+000
  9.709730800518887E-003  5.982408537901156E-003  0.000000000000000E+000
  9.782919419282511E-003  6.000734865652483E-003  0.000000000000000E+000
  9.856474897524357E-003  6.019043363339940E-003  0.000000000000000E+000
  9.930398152393119E-003  6.037333722182113E-003  0.000000000000000E+000
  1.000469010103750E-002  6.055605632423361E-003  0.000000000000000E+000
  1.007935166060619E-002  6.073858783332283E-003  0.000000000000000E+000
  1.015438374824788E-002  6.092092863200356E-003  0.000000000000000E+000
  1.022978728111128E-002  6.110307559340552E-003  0.000000000000000E+000
  1.030556317634507E-002  6.128502558086046E-003  0.000000000000000E+000
  1.038171235109795E-002  6.146677544789002E-003  0.000000000000000E+000
  1.045823572251862E-002  6.164832203819394E-003  0.000000000000000E+000
  1.053513420775578E-002  6.182966218563902E-003  0.000000000000000E+000
  1.061240872395811E-002  6.201079271424879E-003  0.000000000000000E+000
  1.069006018827432E-002  6.219171043819368E-003  0.000000000000000E+000
  1.076808951785310E-002  6.237241216178193E-003  0.000000000000000E+000
  1.084649762984314E-002  6.255289467945103E-003  0.000000000000000E+000
  1.092528544139314E-002  6.273315477575994E-003  0.000000000000000E+000
  1.100445386965180E-002  6.291318922538181E-003  0.000000000000000E+000
  1.108400383176781E-002  6.309299479309752E-003  0.000000000000000E+000
  1.116393624488987E-002  6.327256823378972E-003  0.000000000000000E+000
  1.124425202616667E-002  6.345190629243753E-003  0.000000000000000E+000
  1.132495209274692E-002  6.363100570411207E-003  0.000000000000000E+000
  1.140603736177929E-002  6.380986319397240E-003  0.000000000000000E+000
  1.148750875041250E-002  6.398847547726244E-003  0.000000000000000E+000
  1.156936717579523E-002  6.416683925930810E-003  0.000000000000000E+000
  1.165161355507618E-002  6.434495123551555E-003  0.000000000000000E+000
  1.173424880540405E-002  6.452280809136995E-003  0.000000000000000E+000
  1.181727384392752E-002  6.470040650243473E-003  0.000000000000000E+000
  1.190068958779531E-002  6.487774313435180E-003  0.000000000000000E+000
  1.198449695415611E-002  6.505481464284227E-003  0.000000000000000E+000
  1.206869686015859E-002  6.523161767370795E-003  0.000000000000000E+000
  1.215329022295148E-002  6.540814886283339E-003  0.000000000000000E+000
  1.223827795968345E-002  6.558440483618880E-003  0.000000000000000E+000
  1.232366098750321E-002  6.576038220983352E-003  0.000000000000000E+000
  1.240944022355945E-002  6.593607758992018E-003  0.000000000000000E+000
  1.249561658500086E-002  6.611148757269975E-003  0.000000000000000E+000
  1.258219098897615E-002  6.628660874452700E-003  0.000000000000000E+000
  1.266916435263401E-002  6.646143768186683E-003  0.000000000000000E+000
  1.275653759312313E-002  6.663597095130133E-003  0.000000000000000E+000
  1.284431162759221E-002  6.681020510953745E-003  0.000000000000000E+000
  1.293248737318994E-002  6.698413670341545E-003  0.000000000000000E+000
  1.302106574706502E-002  6.715776226991797E-003  0.000000000000000E+000
  1.311004766636615E-002  6.733107833618001E-003  0.000000000000000E+000
  1.319943404824202E-002  6.750408141949936E-003  0.000000000000000E+000
  1.328922580984132E-002  6.767676802734785E-003  0.000000000000000E+000
  1.337942386831276E-002  6.784913465738355E-003  0.000000000000000E+000
  1.347002914080502E-002  6.802117779746337E-003  0.000000000000000E+000
  1.356104254446681E-002  6.819289392565641E-003  0.000000000000000E+000
  1.365246499644682E-002  6.836427951025843E-003  0.000000000000000E+000
  1.374429741389374E-002  6.853533100980642E-003  0.000000000000000E+000
  1.383654071395627E-002  6.870604487309456E-003  0.000000000000000E+000
  1.392919581378311E-002  6.887641753919036E-003  0.000000000000000E+000
  1.402226363052294E-002  6.904644543745191E-003  0.000000000000000E+000
  1.411574508132448E-002  6.921612498754574E-003  0.000000000000000E+000
  1.420964108333640E-002  6.938545259946540E-003  0.000000000000000E+000
  1.430395255370742E-002  6.955442467355071E-003  0.000000000000000E+000
  1.439868040958621E-002  6.972303760050810E-003  0.000000000000000E+000
  1.449382556812149E-002  6.989128776143116E-003  0.000000000000000E+000
  1.458938894646194E-002  7.005917152782245E-003  0.000000000000000E+000
  1.468537146175626E-002  7.022668526161577E-003  0.000000000000000E+000
  1.478177403115314E-002  7.039382531519927E-003  0.000000000000000E+000
  1.487859757180129E-002  7.056058803143933E-003  0.000000000000000E+000
  1.497584300084939E-002  7.072696974370510E-003  0.000000000000000E+000
  1.507351123544615E-002  7.089296677589407E-003  0.000000000000000E+000
  1.517160319274025E-002  7.105857544245793E-003  0.000000000000000E+000
  1.527011978988039E-002  7.122379204842978E-003  0.000000000000000E+000
  1.536906194401528E-002  7.138861288945163E-003  0.000000000000000E+000
  1.546843057229359E-002  7.155303425180282E-003  0.000000000000000E+000
  1.556822659186404E-002  7.171705241242944E-003  0.000000000000000E+000
  1.566845091987532E-002  7.188066363897409E-003  0.000000000000000E+000
  1.576910447347612E-002  7.204386418980674E-003  0.000000000000000E+000
  1.587018816981512E-002  7.220665031405634E-003  0.000000000000000E+000
  1.597170292604105E-002  7.236901825164299E-003  0.000000000000000E+000
  1.607364965930258E-002  7.253096423331122E-003  0.000000000000000E+000
  1.617602928674841E-002  7.269248448066366E-003  0.000000000000000E+000
  1.627884272552725E-002  7.285357520619581E-003  0.000000000000000E+000
  1.638209089278778E-002  7.301423261333157E-003  0.000000000000000E+000
  1.648577470567869E-002  7.317445289645931E-003  0.000000000000000E+000
  1.658989508134870E-002  7.333423224096898E-003  0.000000000000000E+000
  1.669445293694648E-002  7.349356682328982E-003  0.000000000000000E+000
  1.679944918962074E-002  7.365245281092910E-003  0.000000000000000E+000
  1.690488475652018E-002  7.381088636251135E-003  0.000000000000000E+000
  1.701076055479347E-002  7.396886362781867E-003  0.000000000000000E+000
  1.711707750158934E-002  7.412638074783151E-003  0.000000000000000E+000
  1.722383651405646E-002  7.428343385477070E-003  0.000000000000000E+000
  1.733103850934354E-002  7.444001907213975E-003  0.000000000000000E+000
  1.743868440459927E-002  7.459613251476831E-003  0.000000000000000E+000
  1.754677511697235E-002  7.475177028885633E-003  0.000000000000000E+000
  1.765531156361146E-002  7.490692849201893E-003  0.000000000000000E+000
  1.776429466166531E-002  7.506160321333232E-003  0.000000000000000E+000
  1.787372532828259E-002  7.521579053338009E-003  0.000000000000000E+000
  1.798360448061200E-002  7.536948652430074E-003  0.000000000000000E+000
  1.809393303580224E-002  7.552268724983575E-003  0.000000000000000E+000
  1.820471191100199E-002  7.567538876537851E-003  0.000000000000000E+000
  1.831594202335995E-002  7.582758711802415E-003  0.000000000000000E+000
  1.842762429002483E-002  7.597927834661997E-003  0.000000000000000E+000
  1.853975962814531E-002  7.613045848181688E-003  0.000000000000000E+000
  1.865234895487010E-002  7.628112354612156E-003  0.000000000000000E+000
  1.876539318734788E-002  7.643126955394928E-003  0.000000000000000E+000
  1.887889324272735E-002  7.658089251167788E-003  0.000000000000000E+000
  1.899285003815721E-002  7.672998841770216E-003  0.000000000000000E+000
  1.910726449078615E-002  7.687855326248928E-003  0.000000000000000E+000
  1.922213751776288E-002  7.702658302863503E-003  0.000000000000000E+000
  1.933747003623607E-002  7.717407369092065E-003  0.000000000000000E+000
  1.945326296335444E-002  7.732102121637078E-003  0.000000000000000E+000
  1.956951721626666E-002  7.746742156431193E-003  0.000000000000000E+000
  1.968623371212147E-002  7.761327068643190E-003  0.000000000000000E+000
  1.980341336806752E-002  7.775856452684000E-003  0.000000000000000E+000
  1.992105710125351E-002  7.790329902212794E-003  0.000000000000000E+000
  2.003916582882816E-002  7.804747010143181E-003  0.000000000000000E+000
  2.015774046794015E-002  7.819107368649453E-003  0.000000000000000E+000
  2.027678193573819E-002  7.833410569172932E-003  0.000000000000000E+000
  2.039629114937096E-002  7.847656202428385E-003  0.000000000000000E+000
  2.051626902598715E-002  7.861843858410529E-003  0.000000000000000E+000
  2.063671648273547E-002  7.875973126400615E-003  0.000000000000000E+000
  2.075763443676461E-002  7.890043594973081E-003  0.000000000000000E+000
  2.087902380522328E-002  7.904054852002291E-003  0.000000000000000E+000
  2.100088550526015E-002  7.918006484669358E-003  0.000000000000000E+000
  2.112322045402393E-002  7.931898079469053E-003  0.000000000000000E+000
  2.124602956866331E-002  7.945729222216764E-003  0.000000000000000E+000
  2.136931376632699E-002  7.959499498055567E-003  0.000000000000000E+000
  2.149307396416368E-002  7.973208491463369E-003  0.000000000000000E+000
  2.161731107932204E-002  7.986855786260101E-003  0.000000000000000E+000
  2.174202602895079E-002  8.000440965615042E-003  0.000000000000000E+000
  2.186721973019862E-002  8.013963612054174E-003  0.000000000000000E+000
  2.199289310021423E-002  8.027423307467640E-003  0.000000000000000E+000
  2.211904705614632E-002  8.040819633117280E-003  0.000000000000000E+000
  2.224568251514357E-002  8.054152169644229E-003  0.000000000000000E+000
  2.237280039435468E-002  8.067420497076620E-003  0.000000000000000E+000
  2.250040161092835E-002  8.080624194837330E-003  0.000000000000000E+000
  2.262848708201327E-002  8.093762841751843E-003  0.000000000000000E+000
  2.275705772475817E-002  8.106836016056161E-003  0.000000000000000E+000
  2.288611445631169E-002  8.119843295404794E-003  0.000000000000000E+000
  2.301565819382254E-002  8.132784256878852E-003  0.000000000000000E+000
  2.314568985443944E-002  8.145658476994177E-003  0.000000000000000E+000
  2.327621035531108E-002  8.158465531709588E-003  0.000000000000000E+000
  2.340722061358614E-002  8.171204996435177E-003  0.000000000000000E+000
  2.353872154641333E-002  8.183876446040685E-003  0.000000000000000E+000
  2.367071407094132E-002  8.196479454863959E-003  0.000000000000000E+000
  2.380319910431884E-002  8.209013596719500E-003  0.000000000000000E+000
  2.393617756369458E-002  8.221478444907043E-003  0.000000000000000E+000
  2.406965036621721E-002  8.233873572220244E-003  0.000000000000000E+000
  2.420361842903544E-002  8.246198550955458E-003  0.000000000000000E+000
  2.433808266929797E-002  8.258452952920534E-003  0.000000000000000E+000
  2.447304400415349E-002  8.270636349443743E-003  0.000000000000000E+000
  2.460850335075071E-002  8.282748311382744E-003  0.000000000000000E+000
  2.474446162623830E-002  8.294788409133634E-003  0.000000000000000E+000
  2.488091974776498E-002  8.306756212640067E-003  0.000000000000000E+000
  2.501787863247942E-002  8.318651291402463E-003  0.000000000000000E+000
  2.515533919753033E-002  8.330473214487245E-003  0.000000000000000E+000
  2.529330236006643E-002  8.342221550536211E-003  0.000000000000000E+000
  2.543176903723637E-002  8.353895867775914E-003  0.000000000000000E+000
  2.557074014618887E-002  8.365495734027152E-003  0.000000000000000E+000
  2.571021660407262E-002  8.377020716714523E-003  0.000000000000000E+000
  2.585019932803632E-002  8.388470382876033E-003  0.000000000000000E+000
  2.599068923522868E-002  8.399844299172791E-003  0.000000000000000E+000
  2.613168724279836E-002  8.411142031898754E-003  0.000000000000000E+000
  2.627319426789407E-002  8.422363146990569E-003  0.000000000000000E+000
  2.641521122766452E-002  8.433507210037458E-003  0.000000000000000E+000
  2.655773903925839E-002  8.444573786291166E-003  0.000000000000000E+000
  2.670077861982440E-002  8.455562440676006E-003  0.000000000000000E+000
  2.684433088651121E-002  8.466472737798937E-003  0.000000000000000E+000
  2.698839675646753E-002  8.477304241959733E-003  0.000000000000000E+000
  2.713297714684206E-002  8.488056517161197E-003  0.000000000000000E+000
  2.727807297478349E-002  8.498729127119450E-003  0.000000000000000E+000
  2.742368515744054E-002  8.509321635274288E-003  0.000000000000000E+000
  2.756981461196187E-002  8.519833604799586E-003  0.000000000000000E+000
  2.771646225549618E-002  8.530264598613790E-003  0.000000000000000E+000
  2.786362900519219E-002  8.540614179390438E-003  0.000000000000000E+000
  2.801131577819857E-002  8.550881909568774E-003  0.000000000000000E+000
  2.815952349166405E-002  8.561067351364400E-003  0.000000000000000E+000
  2.830825306273728E-002  8.571170066780006E-003  0.000000000000000E+000
  2.845750540856698E-002  8.581189617616137E-003  0.000000000000000E+000
  2.860728144630185E-002  8.591125565482045E-003  0.000000000000000E+000
  2.875758209309057E-002  8.600977471806581E-003  0.000000000000000E+000
  2.890840826608186E-002  8.610744897849141E-003  0.000000000000000E+000
  2.905976088242439E-002  8.620427404710694E-003  0.000000000000000E+000
  2.921164085926687E-002  8.630024553344816E-003  0.000000000000000E+000
  2.936404911375798E-002  8.639535904568851E-003  0.000000000000000E+000
  2.951698656304643E-002  8.648961019075063E-003  0.000000000000000E+000
  2.967045412428093E-002  8.658299457441850E-003  0.000000000000000E+000
  2.982445271461014E-002  8.667550780145061E-003  0.000000000000000E+000
  2.997898325118278E-002  8.676714547569292E-003  0.000000000000000E+000
  3.013404665114753E-002  8.685790320019296E-003  0.000000000000000E+000
  3.028964383165310E-002  8.694777657731396E-003  0.000000000000000E+000
  3.044577570984820E-002  8.703676120884981E-003  0.000000000000000E+000
  3.060244320288148E-002  8.712485269614026E-003  0.000000000000000E+000
  3.075964722790167E-002  8.721204664018670E-003  0.000000000000000E+000
  3.091738870205745E-002  8.729833864176847E-003  0.000000000000000E+000
  3.107566854249753E-002  8.738372430155949E-003  0.000000000000000E+000
  3.123448766637061E-002  8.746819922024539E-003  0.000000000000000E+000
  3.139384699082536E-002  8.755175899864111E-003  0.000000000000000E+000
  3.155374743301047E-002  8.763439923780876E-003  0.000000000000000E+000
  3.171418991007469E-002  8.771611553917622E-003  0.000000000000000E+000
  3.187517533916665E-002  8.779690350465582E-003  0.000000000000000E+000
  3.203670463743510E-002  8.787675873676359E-003  0.000000000000000E+000
  3.219877872202870E-002  8.795567683873884E-003  0.000000000000000E+000
  3.236139851009616E-002  8.803365341466399E-003  0.000000000000000E+000
  3.252456491878616E-002  8.811068406958517E-003  0.000000000000000E+000
  3.268827886524744E-002  8.818676440963258E-003  0.000000000000000E+000
  3.285254126662863E-002  8.826189004214164E-003  0.000000000000000E+000
  3.301735304007847E-002  8.833605657577435E-003  0.000000000000000E+000
  3.318271510274565E-002  8.840925962064089E-003  0.000000000000000E+000
  3.334862837177884E-002  8.848149478842158E-003  0.000000000000000E+000
  3.351509376432679E-002  8.855275769248905E-003  0.000000000000000E+000
  3.368211219753814E-002  8.862304394803094E-003  0.000000000000000E+000
  3.384968458856161E-002  8.869234917217255E-003  0.000000000000000E+000
  3.401781185454589E-002  8.876066898409985E-003  0.000000000000000E+000
  3.418649491263967E-002  8.882799900518289E-003  0.000000000000000E+000
  3.435573467999168E-002  8.889433485909924E-003  0.000000000000000E+000
  3.452553207375057E-002  8.895967217195771E-003  0.000000000000000E+000
  3.469588801106505E-002  8.902400657242234E-003  0.000000000000000E+000
  3.486680340908382E-002  8.908733369183649E-003  0.000000000000000E+000
  3.503827918495558E-002  8.914964916434709E-003  0.000000000000000E+000
  3.521031625582904E-002  8.921094862702912E-003  0.000000000000000E+000
  3.538291553885287E-002  8.927122772001033E-003  0.000000000000000E+000
  3.555607795117575E-002  8.933048208659573E-003  0.000000000000000E+000
  3.572980440994641E-002  8.938870737339268E-003  0.000000000000000E+000
  3.590409583231353E-002  8.944589923043573E-003  0.000000000000000E+000
  3.607895313542583E-002  8.950205331131165E-003  0.000000000000000E+000
  3.625437723643197E-002  8.955716527328468E-003  0.000000000000000E+000
  3.643036905248066E-002  8.961123077742146E-003  0.000000000000000E+000
  3.660692950072059E-002  8.966424548871641E-003  0.000000000000000E+000
  3.678405949830046E-002  8.971620507621719E-003  0.000000000000000E+000
  3.696175996236899E-002  8.976710521314935E-003  0.000000000000000E+000
  3.714003181007483E-002  8.981694157704218E-003  0.000000000000000E+000
  3.731887595856670E-002  8.986570984985363E-003  0.000000000000000E+000
  3.749829332499330E-002  8.991340571809558E-003  0.000000000000000E+000
  3.767828482650331E-002  8.996002487295892E-003  0.000000000000000E+000
  3.785885138024546E-002  9.000556301043862E-003  0.000000000000000E+000
  3.803999390336840E-002  9.005001583145876E-003  0.000000000000000E+000
  3.822171331302084E-002  9.009337904199723E-003  0.000000000000000E+000
  3.840401052635149E-002  9.013564835321073E-003  0.000000000000000E+000
  3.858688646050903E-002  9.017681948155894E-003  0.000000000000000E+000
  3.877034203264218E-002  9.021688814892941E-003  0.000000000000000E+000
  3.895437815989961E-002  9.025585008276146E-003  0.000000000000000E+000
  3.913899575943001E-002  9.029370101617043E-003  0.000000000000000E+000
  3.932419574838209E-002  9.033043668807129E-003  0.000000000000000E+000
  3.950997904390455E-002  9.036605284330243E-003  0.000000000000000E+000
  3.969634656314610E-002  9.040054523274891E-003  0.000000000000000E+000
  3.988329922325540E-002  9.043390961346551E-003  0.000000000000000E+000
  4.007083794138116E-002  9.046614174879940E-003  0.000000000000000E+000
  4.025896363467207E-002  9.049723740851275E-003  0.000000000000000E+000
  4.044767722027685E-002  9.052719236890475E-003  0.000000000000000E+000
  4.063697961534418E-002  9.055600241293321E-003  0.000000000000000E+000
  4.082687173702274E-002  9.058366333033618E-003  0.000000000000000E+000
  4.101735450246123E-002  9.061017091775272E-003  0.000000000000000E+000
  4.120842882880837E-002  9.063552097884351E-003  0.000000000000000E+000
  4.140009563321283E-002  9.065970932441089E-003  0.000000000000000E+000
  4.159235583282334E-002  9.068273177251857E-003  0.000000000000000E+000
  4.178521034478855E-002  9.070458414861067E-003  0.000000000000000E+000
  4.197866008625717E-002  9.072526228563051E-003  0.000000000000000E+000
  4.217270597437792E-002  9.074476202413851E-003  0.000000000000000E+000
  4.236734892629946E-002  9.076307921242985E-003  0.000000000000000E+000
  4.256258985917053E-002  9.078020970665139E-003  0.000000000000000E+000
  4.275842969013979E-002  9.079614937091808E-003  0.000000000000000E+000
  4.295486933635593E-002  9.081089407742857E-003  0.000000000000000E+000
  4.315190971496766E-002  9.082443970658041E-003  0.000000000000000E+000
  4.334955174312371E-002  9.083678214708442E-003  0.000000000000000E+000
  4.354779633797271E-002  9.084791729607836E-003  0.000000000000000E+000
  4.374664441666339E-002  9.085784105923986E-003  0.000000000000000E+000
  4.394609689634443E-002  9.086654935089885E-003  0.000000000000000E+000
  4.414615469416456E-002  9.087403809414873E-003  0.000000000000000E+000
  4.434681872727247E-002  9.088030322095719E-003  0.000000000000000E+000
  4.454808991281681E-002  9.088534067227608E-003  0.000000000000000E+000
  4.474996916794630E-002  9.088914639815008E-003  0.000000000000000E+000
  4.495245740980965E-002  9.089171635782513E-003  0.000000000000000E+000
  4.515555555555555E-002  9.089304651985554E-003  0.000000000000000E+000
  4.535926452233271E-002  9.089313286220990E-003  0.000000000000000E+000
  4.556358522728978E-002  9.089197137237678E-003  0.000000000000000E+000
  4.576851858757549E-002  9.088955804746878E-003  0.000000000000000E+000
  4.597406552033852E-002  9.088588889432585E-003  0.000000000000000E+000
  4.618022694272758E-002  9.088095992961742E-003  0.000000000000000E+000
  4.638700377189137E-002  9.087476717994375E-003  0.000000000000000E+000
  4.659439692497857E-002  9.086730668193575E-003  0.000000000000000E+000
  4.680240731913787E-002  9.085857448235394E-003  0.000000000000000E+000
  4.701103587151798E-002  9.084856663818617E-003  0.000000000000000E+000
  4.722028349926758E-002  9.083727921674426E-003  0.000000000000000E+000
  4.743015111953541E-002  9.082470829575914E-003  0.000000000000000E+000
  4.764063964947011E-002  9.081084996347502E-003  0.000000000000000E+000
  4.785175000622040E-002  9.079570031874214E-003  0.000000000000000E+000
  4.806348310693496E-002  9.077925547110810E-003  0.000000000000000E+000
  4.827583986876251E-002  9.076151154090826E-003  0.000000000000000E+000
  4.848882120885176E-002  9.074246465935401E-003  0.000000000000000E+000
  4.870242804435135E-002  9.072211096862034E-003  0.000000000000000E+000
  4.891666129241002E-002  9.070044662193180E-003  0.000000000000000E+000
  4.913152187017644E-002  9.067746778364656E-003  0.000000000000000E+000
  4.934701069479932E-002  9.065317062933946E-003  0.000000000000000E+000
  4.956312868342737E-002  9.062755134588322E-003  0.000000000000000E+000
  4.977987675320925E-002  9.060060613152834E-003  0.000000000000000E+000
  4.999725582129368E-002  9.057233119598091E-003  0.000000000000000E+000
  5.021526680482934E-002  9.054272276047937E-003  0.000000000000000E+000
  5.043391062096494E-002  9.051177705786903E-003  0.000000000000000E+000
  5.065318818684918E-002  9.047949033267524E-003  0.000000000000000E+000
  5.087310041963074E-002  9.044585884117468E-003  0.000000000000000E+000
  5.109364823645831E-002  9.041087885146482E-003  0.000000000000000E+000
  5.131483255448060E-002  9.037454664353163E-003  0.000000000000000E+000
  5.153665429084631E-002  9.033685850931518E-003  0.000000000000000E+000
  5.175911436270415E-002  9.029781075277380E-003  0.000000000000000E+000
  5.198221368720277E-002  9.025739968994593E-003  0.000000000000000E+000
  5.220595318149088E-002  9.021562164900998E-003  0.000000000000000E+000
  5.243033376271719E-002  9.017247297034233E-003  0.000000000000000E+000
  5.265535634803040E-002  9.012795000657331E-003  0.000000000000000E+000
  5.288102185457921E-002  9.008204912264095E-003  0.000000000000000E+000
  5.310733119951228E-002  9.003476669584247E-003  0.000000000000000E+000
  5.333428529997832E-002  8.998609911588405E-003  0.000000000000000E+000
  5.356188507312604E-002  8.993604278492775E-003  0.000000000000000E+000
  5.379013143610413E-002  8.988459411763686E-003  0.000000000000000E+000
  5.401902530606131E-002  8.983174954121832E-003  0.000000000000000E+000
  5.424856760014620E-002  8.977750549546328E-003  0.000000000000000E+000
  5.447875923550758E-002  8.972185843278489E-003  0.000000000000000E+000
  5.470960112929409E-002  8.966480481825408E-003  0.000000000000000E+000
  5.494109419865445E-002  8.960634112963243E-003  0.000000000000000E+000
  5.517323936073738E-002  8.954646385740296E-003  0.000000000000000E+000
  5.540603753269152E-002  8.948516950479797E-003  0.000000000000000E+000
  5.563948963166560E-002  8.942245458782453E-003  0.000000000000000E+000
  5.587359657480829E-002  8.935831563528734E-003  0.000000000000000E+000
  5.610835927926831E-002  8.929274918880879E-003  0.000000000000000E+000
  5.634377866219439E-002  8.922575180284616E-003  0.000000000000000E+000
  5.657985564073515E-002  8.915732004470654E-003  0.000000000000000E+000
  5.681659113203932E-002  8.908745049455831E-003  0.000000000000000E+000
  5.705398605325559E-002  8.901613974544012E-003  0.000000000000000E+000
  5.729204132153269E-002  8.894338440326699E-003  0.000000000000000E+000
  5.753075785401927E-002  8.886918108683318E-003  0.000000000000000E+000
  5.777013656786403E-002  8.879352642781210E-003  0.000000000000000E+000
  5.801017838021569E-002  8.871641707075368E-003  0.000000000000000E+000
  5.825088420822293E-002  8.863784967307766E-003  0.000000000000000E+000
  5.849225496903446E-002  8.855782090506470E-003  0.000000000000000E+000
  5.873429157979895E-002  8.847632744984358E-003  0.000000000000000E+000
  5.897699495766513E-002  8.839336600337561E-003  0.000000000000000E+000
  5.922036601978165E-002  8.830893327443542E-003  0.000000000000000E+000
  5.946440568329724E-002  8.822302598458847E-003  0.000000000000000E+000
  5.970911486536061E-002  8.813564086816538E-003  0.000000000000000E+000
  5.995449448312042E-002  8.804677467223247E-003  0.000000000000000E+000
  6.020054545372536E-002  8.795642415655889E-003  0.000000000000000E+000
  6.044726869432415E-002  8.786458609358035E-003  0.000000000000000E+000
  6.069466512206549E-002  8.777125726835899E-003  0.000000000000000E+000
  6.094273565409808E-002  8.767643447853989E-003  0.000000000000000E+000
  6.119148120757058E-002  8.758011453430329E-003  0.000000000000000E+000
  6.144090269963171E-002  8.748229425831382E-003  0.000000000000000E+000
  6.169100104743015E-002  8.738297048566523E-003  0.000000000000000E+000
  6.194177716811460E-002  8.728214006382136E-003  0.000000000000000E+000
  6.219323197883381E-002  8.717979985255362E-003  0.000000000000000E+000
  6.244536639673639E-002  8.707594672387386E-003  0.000000000000000E+000
  6.269818133897108E-002  8.697057756196338E-003  0.000000000000000E+000
  6.295167772268656E-002  8.686368926309812E-003  0.000000000000000E+000
  6.320585646503155E-002  8.675527873556927E-003  0.000000000000000E+000
  6.346071848315475E-002  8.664534289959990E-003  0.000000000000000E+000
  6.371626469420481E-002  8.653387868725706E-003  0.000000000000000E+000
  6.397249601533045E-002  8.642088304235983E-003  0.000000000000000E+000
  6.422941336368036E-002  8.630635292038275E-003  0.000000000000000E+000
  6.448701765640324E-002  8.619028528835476E-003  0.000000000000000E+000
  6.474530981064783E-002  8.607267712475386E-003  0.000000000000000E+000
  6.500429074356276E-002  8.595352541939667E-003  0.000000000000000E+000
  6.526396137229673E-002  8.583282717332406E-003  0.000000000000000E+000
  6.552432261399847E-002  8.571057939868123E-003  0.000000000000000E+000
  6.578537538581666E-002  8.558677911859382E-003  0.000000000000000E+000
  6.604712060490002E-002  8.546142336703847E-003  0.000000000000000E+000
  6.630955918839719E-002  8.533450918870899E-003  0.000000000000000E+000
  6.657269205345691E-002  8.520603363887722E-003  0.000000000000000E+000
  6.683652011722786E-002  8.507599378324909E-003  0.000000000000000E+000
  6.710104429685872E-002  8.494438669781532E-003  0.000000000000000E+000
  6.736626550949824E-002  8.481120946869721E-003  0.000000000000000E+000
  6.763218467229506E-002  8.467645919198699E-003  0.000000000000000E+000
  6.789880270239790E-002  8.454013297358311E-003  0.000000000000000E+000
  6.816612051695543E-002  8.440222792901972E-003  0.000000000000000E+000
  6.843413903311638E-002  8.426274118329120E-003  0.000000000000000E+000
  6.870285916802946E-002  8.412166987067078E-003  0.000000000000000E+000
  6.897228183884330E-002  8.397901113452396E-003  0.000000000000000E+000
  6.924240796270664E-002  8.383476212711594E-003  0.000000000000000E+000
  6.951323845676817E-002  8.368892000941345E-003  0.000000000000000E+000
  6.978477423817657E-002  8.354148195088089E-003  0.000000000000000E+000
  7.005701622408060E-002  8.339244512927037E-003  0.000000000000000E+000
  7.032996533162886E-002  8.324180673040610E-003  0.000000000000000E+000
  7.060362247797011E-002  8.308956394796261E-003  0.000000000000000E+000
  7.087798858025300E-002  8.293571398323683E-003  0.000000000000000E+000
  7.115306455562627E-002  8.278025404491407E-003  0.000000000000000E+000
  7.142885132123862E-002  8.262318134882781E-003  0.000000000000000E+000
  7.170534979423869E-002  8.246449311771329E-003  0.000000000000000E+000
  7.198256089177521E-002  8.230418658095439E-003  0.000000000000000E+000
  7.226048553099687E-002  8.214225897432419E-003  0.000000000000000E+000
  7.253912462905238E-002  8.197870753971929E-003  0.000000000000000E+000
  7.281847910309046E-002  8.181352952488704E-003  0.000000000000000E+000
  7.309854987025972E-002  8.164672218314645E-003  0.000000000000000E+000
  7.337933784770892E-002  8.147828277310205E-003  0.000000000000000E+000
  7.366084395258674E-002  8.130820855835110E-003  0.000000000000000E+000
  7.394306910204190E-002  8.113649680718362E-003  0.000000000000000E+000
  7.422601421322306E-002  8.096314479227599E-003  0.000000000000000E+000
  7.450968020327892E-002  8.078814979037657E-003  0.000000000000000E+000
  7.479406798935817E-002  8.061150908198485E-003  0.000000000000000E+000
  7.507917848860954E-002  8.043321995102303E-003  0.000000000000000E+000
  7.536501261818172E-002  8.025327968450046E-003  0.000000000000000E+000
  7.565157129522337E-002  8.007168557217025E-003  0.000000000000000E+000
  7.593885543688320E-002  7.988843490617891E-003  0.000000000000000E+000
  7.622686596030991E-002  7.970352498070803E-003  0.000000000000000E+000
  7.651560378265219E-002  7.951695309160827E-003  0.000000000000000E+000
  7.680506982105879E-002  7.932871653602567E-003  0.000000000000000E+000
  7.709526499267834E-002  7.913881261202040E-003  0.000000000000000E+000
  7.738619021465953E-002  7.894723861817695E-003  0.000000000000000E+000
  7.767784640415110E-002  7.875399185320653E-003  0.000000000000000E+000
  7.797023447830169E-002  7.855906961554181E-003  0.000000000000000E+000
  7.826335535426009E-002  7.836246920292271E-003  0.000000000000000E+000
  7.855720994917489E-002  7.816418791197448E-003  0.000000000000000E+000
  7.885179918019486E-002  7.796422303777689E-003  0.000000000000000E+000
  7.914712396446863E-002  7.776257187342533E-003  0.000000000000000E+000
  7.944318521914495E-002  7.755923170958320E-003  0.000000000000000E+000
  7.973998386137254E-002  7.735419983402536E-003  0.000000000000000E+000
  8.003752080830000E-002  7.714747353117353E-003  0.000000000000000E+000
  8.033579697707610E-002  7.693905008162181E-003  0.000000000000000E+000
  8.063481328484950E-002  7.672892676165411E-003  0.000000000000000E+000
  8.093457064876891E-002  7.651710084275205E-003  0.000000000000000E+000
  8.123506998598308E-002  7.630356959109392E-003  0.000000000000000E+000
  8.153631221364060E-002  7.608833026704445E-003  0.000000000000000E+000
  8.183829824889023E-002  7.587138012463471E-003  0.000000000000000E+000
  8.214102900888065E-002  7.565271641103334E-003  0.000000000000000E+000
  8.244450541076055E-002  7.543233636600773E-003  0.000000000000000E+000
  8.274872837167867E-002  7.521023722137557E-003  0.000000000000000E+000
  8.305369880878363E-002  7.498641620044678E-003  0.000000000000000E+000
  8.335941763922416E-002  7.476087051745575E-003  0.000000000000000E+000
  8.366588578014898E-002  7.453359737698316E-003  0.000000000000000E+000
  8.397310414870676E-002  7.430459397336819E-003  0.000000000000000E+000
  8.428107366204625E-002  7.407385749011015E-003  0.000000000000000E+000
  8.458979523731604E-002  7.384138509926058E-003  0.000000000000000E+000
  8.489926979166489E-002  7.360717396080403E-003  0.000000000000000E+000
  8.520949824224150E-002  7.337122122202884E-003  0.000000000000000E+000
  8.552048150619454E-002  7.313352401688743E-003  0.000000000000000E+000
  8.583222050067275E-002  7.289407946534590E-003  0.000000000000000E+000
  8.614471614282478E-002  7.265288467272236E-003  0.000000000000000E+000
  8.645796934979932E-002  7.240993672901490E-003  0.000000000000000E+000
  8.677198103874510E-002  7.216523270821830E-003  0.000000000000000E+000
  8.708675212681080E-002  7.191876966762955E-003  0.000000000000000E+000
  8.740228353114515E-002  7.167054464714216E-003  0.000000000000000E+000
  8.771857616889676E-002  7.142055466852924E-003  0.000000000000000E+000
  8.803563095721439E-002  7.116879673471495E-003  0.000000000000000E+000
  8.835344881324673E-002  7.091526782903433E-003  0.000000000000000E+000
  8.867203065414249E-002  7.065996491448166E-003  0.000000000000000E+000
  8.899137739705035E-002  7.040288493294665E-003  0.000000000000000E+000
  8.931148995911899E-002  7.014402480443918E-003  0.000000000000000E+000
  8.963236925749708E-002  6.988338142630132E-003  0.000000000000000E+000
  8.995401620933340E-002  6.962095167240783E-003  0.000000000000000E+000
  9.027643173177656E-002  6.935673239235397E-003  0.000000000000000E+000
  9.059961674197534E-002  6.909072041063097E-003  0.000000000000000E+000
  9.092357215707834E-002  6.882291252578911E-003  0.000000000000000E+000
  9.124829889423430E-002  6.855330550958801E-003  0.000000000000000E+000
  9.157379787059196E-002  6.828189610613396E-003  0.000000000000000E+000
  9.190007000329999E-002  6.800868103100485E-003  0.000000000000000E+000
  9.222711620950703E-002  6.773365697036173E-003  0.000000000000000E+000
  9.255493740636181E-002  6.745682058004692E-003  0.000000000000000E+000
  9.288353451101304E-002  6.717816848466966E-003  0.000000000000000E+000
  9.321290844060941E-002  6.689769727667756E-003  0.000000000000000E+000
  9.354306011229965E-002  6.661540351541472E-003  0.000000000000000E+000
  9.387399044323239E-002  6.633128372616692E-003  0.000000000000000E+000
  9.420570035055632E-002  6.604533439919145E-003  0.000000000000000E+000
  9.453819075142020E-002  6.575755198873479E-003  0.000000000000000E+000
  9.487146256297267E-002  6.546793291203486E-003  0.000000000000000E+000
  9.520551670236252E-002  6.517647354830989E-003  0.000000000000000E+000
  9.554035408673833E-002  6.488317023773274E-003  0.000000000000000E+000
  9.587597563324884E-002  6.458801928039038E-003  0.000000000000000E+000
  9.621238225904274E-002  6.429101693522950E-003  0.000000000000000E+000
  9.654957488126874E-002  6.399215941898679E-003  0.000000000000000E+000
  9.688755441707556E-002  6.369144290510466E-003  0.000000000000000E+000
  9.722632178361180E-002  6.338886352263197E-003  0.000000000000000E+000
  9.756587789802627E-002  6.308441735510919E-003  0.000000000000000E+000
  9.790622367746758E-002  6.277810043943910E-003  0.000000000000000E+000
  9.824736003908449E-002  6.246990876474114E-003  0.000000000000000E+000
  9.858928790002569E-002  6.215983827119093E-003  0.000000000000000E+000
  9.893200817743981E-002  6.184788484884366E-003  0.000000000000000E+000
  9.927552178847558E-002  6.153404433644185E-003  0.000000000000000E+000
  9.961982965028171E-002  6.121831252020683E-003  0.000000000000000E+000
  9.996493268000690E-002  6.090068513261455E-003  0.000000000000000E+000
  0.100310831794800       6.058115785115475E-003  0.000000000000000E+000
  0.100657527911809       6.025972629707365E-003  0.000000000000000E+000
  0.101005021948184       5.993638603410037E-003  0.000000000000000E+000
  0.101353314821072       5.961113256715626E-003  0.000000000000000E+000
  0.101702407447623       5.928396134104774E-003  0.000000000000000E+000
  0.102052300744985       5.895486773914173E-003  0.000000000000000E+000
  0.102402995630307       5.862384708202401E-003  0.000000000000000E+000
  0.102754493020738       5.829089462614061E-003  0.000000000000000E+000
  0.103106793833426       5.795600556242092E-003  0.000000000000000E+000
  0.103459898985519       5.761917501488408E-003  0.000000000000000E+000
  0.103813809394168       5.728039803922670E-003  0.000000000000000E+000
  0.104168525976520       5.693966962139345E-003  0.000000000000000E+000
  0.104524049649724       5.659698467612866E-003  0.000000000000000E+000
  0.104880381330929       5.625233804551035E-003  0.000000000000000E+000
  0.105237521937284       5.590572449746554E-003  0.000000000000000E+000
  0.105595472385936       5.555713872426682E-003  0.000000000000000E+000
  0.105954233594036       5.520657534101056E-003  0.000000000000000E+000
  0.106313806478731       5.485402888407563E-003  0.000000000000000E+000
  0.106674191957170       5.449949380956352E-003  0.000000000000000E+000
  0.107035390946502       5.414296449171906E-003  0.000000000000000E+000
  0.107397404363876       5.378443522133137E-003  0.000000000000000E+000
  0.107760233126440       5.342390020411607E-003  0.000000000000000E+000
  0.108123878151343       5.306135355907655E-003  0.000000000000000E+000
  0.108488340355734       5.269678931684636E-003  0.000000000000000E+000
  0.108853620656762       5.233020141801069E-003  0.000000000000000E+000
  0.109219719971575       5.196158371140847E-003  0.000000000000000E+000
  0.109586639217321       5.159092995241305E-003  0.000000000000000E+000
  0.109954379311150       5.121823380119290E-003  0.000000000000000E+000
  0.110322941170210       5.084348882095122E-003  0.000000000000000E+000
  0.110692325711650       5.046668847614481E-003  0.000000000000000E+000
  0.111062533852619       5.008782613068150E-003  0.000000000000000E+000
  0.111433566510265       4.970689504609655E-003  0.000000000000000E+000
  0.111805424601737       4.932388837970729E-003  0.000000000000000E+000
  0.112178109044184       4.893879918274594E-003  0.000000000000000E+000
  0.112551620754754       4.855162039847132E-003  0.000000000000000E+000
  0.112925960650596       4.816234486025745E-003  0.000000000000000E+000
  0.113301129648859       4.777096528966054E-003  0.000000000000000E+000
  0.113677128666691       4.737747429446370E-003  0.000000000000000E+000
  0.114053958621242       4.698186436669816E-003  0.000000000000000E+000
  0.114431620429659       4.658412788064299E-003  0.000000000000000E+000
  0.114810115009092       4.618425709080057E-003  0.000000000000000E+000
  0.115189443276690       4.578224412984962E-003  0.000000000000000E+000
  0.115569606149600       4.537808100657470E-003  0.000000000000000E+000
  0.115950604544972       4.497175960377196E-003  0.000000000000000E+000
  0.116332439379954       4.456327167613134E-003  0.000000000000000E+000
  0.116715111571695       4.415260884809483E-003  0.000000000000000E+000
  0.117098622037345       4.373976261169032E-003  0.000000000000000E+000
  0.117482971694050       4.332472432434115E-003  0.000000000000000E+000
  0.117868161458961       4.290748520665169E-003  0.000000000000000E+000
  0.118254192249225       4.248803634016713E-003  0.000000000000000E+000
  0.118641064981992       4.206636866510920E-003  0.000000000000000E+000
  0.119028780574410       4.164247297808652E-003  0.000000000000000E+000
  0.119417339943628       4.121633992977903E-003  0.000000000000000E+000
  0.119806744006795       4.078796002259783E-003  0.000000000000000E+000
  0.120196993681059       4.035732360831838E-003  0.000000000000000E+000
  0.120588089883569       3.992442088568832E-003  0.000000000000000E+000
  0.120980033531474       3.948924189800882E-003  0.000000000000000E+000
  0.121372825541922       3.905177653068931E-003  0.000000000000000E+000
  0.121766466832062       3.861201450877618E-003  0.000000000000000E+000
  0.122160958319043       3.816994539445432E-003  0.000000000000000E+000
  0.122556300920014       3.772555858452161E-003  0.000000000000000E+000
  0.122952495552122       3.727884330783603E-003  0.000000000000000E+000
  0.123349543132518       3.682978862273572E-003  0.000000000000000E+000
  0.123747444578349       3.637838341443124E-003  0.000000000000000E+000
  0.124146200806764       3.592461639236912E-003  0.000000000000000E+000
  0.124545812734912       3.546847608756913E-003  0.000000000000000E+000
  0.124946281279942       3.500995084993087E-003  0.000000000000000E+000
  0.125347607359003       3.454902884551395E-003  0.000000000000000E+000
  0.125749791889242       3.408569805378753E-003  0.000000000000000E+000
  0.126152835787809       3.361994626485231E-003  0.000000000000000E+000
  0.126556739971852       3.315176107663283E-003  0.000000000000000E+000
  0.126961505358521       3.268112989203952E-003  0.000000000000000E+000
  0.127367132864963       3.220803991610207E-003  0.000000000000000E+000
  0.127773623408328       3.173247815307245E-003  0.000000000000000E+000
  0.128180977905765       3.125443140349781E-003  0.000000000000000E+000
  0.128589197274421       3.077388626126312E-003  0.000000000000000E+000
  0.128998282431445       3.029082911060234E-003  0.000000000000000E+000
  0.129408234293987       2.980524612308038E-003  0.000000000000000E+000
  0.129819053779195       2.931712325454218E-003  0.000000000000000E+000
  0.130230741804218       2.882644624203168E-003  0.000000000000000E+000
  0.130643299286204       2.833320060067851E-003  0.000000000000000E+000
  0.131056727142302       2.783737162055329E-003  0.000000000000000E+000
  0.131471026289661       2.733894436349058E-003  0.000000000000000E+000
  0.131886197645430       2.683790365987926E-003  0.000000000000000E+000
  0.132302242126756       2.633423410542127E-003  0.000000000000000E+000
  0.132719160650790       2.582792005785668E-003  0.000000000000000E+000
  0.133136954134679       2.531894563365565E-003  0.000000000000000E+000
  0.133555623495572       2.480729470467785E-003  0.000000000000000E+000
  0.133975169650618       2.429295089479751E-003  0.000000000000000E+000
  0.134395593516966       2.377589757649508E-003  0.000000000000000E+000
  0.134816896011764       2.325611786741497E-003  0.000000000000000E+000
  0.135239078052161       2.273359462688818E-003  0.000000000000000E+000
  0.135662140555306       2.220831045242128E-003  0.000000000000000E+000
  0.136086084438348       2.168024767615005E-003  0.000000000000000E+000
  0.136510910618434       2.114938836125780E-003  0.000000000000000E+000
  0.136936620012715       2.061571429835914E-003  0.000000000000000E+000
  0.137363213538338       2.007920700184717E-003  0.000000000000000E+000
  0.137790692112452       1.953984770620494E-003  0.000000000000000E+000
  0.138219056652206       1.899761736228164E-003  0.000000000000000E+000
  0.138648308074748       1.845249663353111E-003  0.000000000000000E+000
  0.139078447297228       1.790446589221446E-003  0.000000000000000E+000
  0.139509475236794       1.735350521556552E-003  0.000000000000000E+000
  0.139941392810595       1.679959438191873E-003  0.000000000000000E+000
  0.140374200935779       1.624271286679980E-003  0.000000000000000E+000
  0.140807900529495       1.568283983897869E-003  0.000000000000000E+000
  0.141242492508892       1.511995415648416E-003  0.000000000000000E+000
  0.141677977791118       1.455403436258021E-003  0.000000000000000E+000
  0.142114357293322       1.398505868170354E-003  0.000000000000000E+000
  0.142551631932654       1.341300501536263E-003  0.000000000000000E+000
  0.142989802626261       1.283785093799733E-003  0.000000000000000E+000
  0.143428870291292       1.225957369279868E-003  0.000000000000000E+000
  0.143868835844896       1.167815018748917E-003  0.000000000000000E+000
  0.144309700204222       1.109355699006315E-003  0.000000000000000E+000
  0.144751464286418       1.050577032448654E-003  0.000000000000000E+000
  0.145194129008633       9.914766066356354E-004  0.000000000000000E+000
  0.145637695288016       9.320519738518281E-004  0.000000000000000E+000
  0.146082164041715       8.723006506644098E-004  0.000000000000000E+000
  0.146527536186880       8.122201174767249E-004  0.000000000000000E+000
  0.146973812640658       7.518078180775926E-004  0.000000000000000E+000
  0.147420994320199       6.910611591865146E-004  0.000000000000000E+000
  0.147869082142651       6.299775099945246E-004  0.000000000000000E+000
  0.148318077025163       5.685542017008265E-004  0.000000000000000E+000
  0.148767979884883       5.067885270451430E-004  0.000000000000000E+000
  0.149218791638961       4.446777398356532E-004  0.000000000000000E+000
  0.149670513204545       3.822190544726590E-004  0.000000000000000E+000
  0.150123145498783       3.194096454677512E-004  0.000000000000000E+000
  0.150576689438825       2.562466469586359E-004  0.000000000000000E+000
  0.151031145941819       1.927271522194438E-004  0.000000000000000E+000
  0.151486515924913       1.288482131665718E-004  0.000000000000000E+000
  0.151942800305258       6.460683985998738E-005  0.000000000000000E+000
  0.152400000000000       0.000000000000000E+000  0.000000000000000E+000
